20040819,50.9939,56.5281,47.8008,49.8133,14915678
20040901,64.5580,67.2579,49.2853,51.1582,10166819
20041001,94.9641,99.6017,64.2093,65.1558,24574326
20041101,90.6502,100.4236,80.3538,96.4136,26536532
20041201,96.0350,99.5668,83.9204,90.6353,13262367
20050103,97.4448,102.2667,87.8158,98.3314,20593290
20050201,93.6440,107.9952,90.1620,96.8271,34403072
20050301,89.9180,94.5705,85.9628,94.2916,15690222
20050401,109.5892,111.9504,89.5842,90.5406,21670476
20050502,138.1173,138.6802,109.6938,110.6104,24258938
20050601,146.5258,154.0476,133.2157,141.0712,35496220
20050701,143.3427,158.3066,142.9592,146.9691,20571624
20050801,142.4660,149.3004,136.1646,143.5220,12478830
20050901,157.6391,159.8757,141.9679,142.4212,16265700
20051003,185.3752,186.6753,144.7973,156.2294,18446170
20051101,201.6990,214.8148,183.8160,185.2357,20234146
20051201,206.6554,222.2719,198.7600,203.8360,19002446
20060103,215.5222,236.6679,196.6330,210.4711,30016010
20060201,180.6329,202.4910,168.2842,193.7886,31435710
20060301,194.2718,198.7550,165.1560,183.5919,26775018
20060403,208.1897,224.5184,193.2407,194.0377,19579810
20060501,185.2158,208.9369,179.6118,208.4537,16054377
20060601,208.8821,208.8821,185.1062,186.0726,12992112
20060703,192.5782,213.1461,188.1398,209.2357,12799902
20060801,188.5582,194.2718,181.0016,191.8360,9336688
20060901,200.1996,208.5632,187.6566,189.7836,12200575
20061002,237.3055,245.0614,198.3515,200.1996,14464286
20061101,241.4998,255.5422,231.6617,238.4861,11322205
20061201,229.3802,245.2806,225.3254,242.0826,9200695
20070103,249.8136,255.5422,229.6940,232.1299,12505325
20070201,223.8858,252.0602,220.6928,252.0552,12035814
20070301,228.2246,232.1299,217.6841,220.5085,10777995
20070402,234.8099,245.3304,225.2158,228.0253,9330599
20070501,248.0253,253.4400,227.8510,235.2134,9086714
20070601,260.3741,266.4961,247.8659,249.5646,12336292
20070702,254.0478,278.2471,248.5085,261.7639,11149209
20070801,256.6630,262.4264,239.3329,254.2968,7741914
20070904,282.5758,284.8274,254.4861,256.5484,7334004
20071001,352.1799,352.1799,283.7415,283.9208,13568044
20071101,345.2061,372.2248,306.8598,350.0828,16392072
20071203,344.4489,361.0467,325.0317,344.2148,8563286
20080102,281.0964,347.3829,258.5310,345.1413,15083797
20080201,234.7103,269.5098,222.5907,263.3479,17784886
20080303,219.4126,235.4774,205.2855,234.8746,14616023
20080401,286.0727,291.3380,219.6766,223.0340,13052684
20080501,291.8062,300.1002,267.9008,288.0752,10002286
20080602,262.2271,292.9221,256.5833,290.1624,8965234
20080701,235.9904,276.8025,231.9307,258.8199,9497727
20080801,230.7800,254.3765,230.0876,235.3728,6578214
20080902,199.5122,240.1897,189.6442,237.4948,12817143
20081001,179.0090,207.7114,154.1422,204.8073,17394912
20081103,145.9330,185.4848,123.1883,178.1224,16697305
20081201,153.2506,164.1348,130.7997,142.8047,10311799
20090102,168.6329,175.5072,140.8471,153.7238,11029250
20090202,168.3639,189.7886,164.1597,166.5208,11789752
20090302,173.3801,178.9094,144.1846,166.0426,10400119
20090401,197.2457,201.1212,169.6690,171.2481,8396290
20090501,207.8360,207.8360,191.6267,196.7774,5724805
20090601,210.0078,222.8348,200.1946,208.5832,6429454
20090701,220.6978,225.5047,197.2507,211.3080,6662728
20090803,229.9730,236.2893,218.4612,223.5322,4659062
20090901,246.9992,252.5534,225.4500,228.9817,4882848
20091001,267.0590,279.7714,240.3989,245.5795,7042054
20091102,290.4115,292.4339,263.1337,267.5372,4105855
20091201,308.8324,311.8262,288.5086,292.9669,3889005
20100104,263.9805,313.5796,261.8236,312.3044,9414062
20100201,262.4164,272.7278,259.0291,266.3018,5497716
20100301,282.5011,293.0416,262.8846,263.6119,7311965
20100401,261.8684,297.8038,259.5422,284.6082,6984190
20100503,241.9083,265.4650,229.1411,262.2670,8186584
20100601,221.6442,253.6742,221.5296,239.3180,5462400
20100701,241.5197,247.8211,216.0054,221.8136,6625610
20100802,224.1698,253.3504,222.9892,243.5820,4822936
20100901,261.9133,267.4226,225.4051,226.6405,5707034
20101001,305.7041,311.2035,258.4562,264.0104,7585176
20101101,276.8174,314.2471,275.6219,306.7154,5586658
20101201,295.8760,302.3667,280.1499,280.4488,3858423
20110103,299.0591,320.2795,296.6630,297.1263,6020835
20110201,305.5547,314.4115,299.5522,301.1163,4423669
20110301,292.2845,308.4538,274.6107,307.7365,5248978
20110401,271.0341,296.4837,258.5310,293.2807,7050390
20110502,263.5222,271.8461,255.7414,271.8311,4333019
20110601,252.2445,265.6045,235.6268,263.0341,5395054
20110701,300.7178,312.5784,252.2445,252.4239,8135820
20110801,269.4700,306.6008,244.5135,304.4688,9319527
20110901,256.5583,278.2172,254.2968,269.3654,5604614
20111003,295.2135,300.2247,239.4027,253.9731,7381315
20111101,298.5759,307.9955,279.6169,288.9669,5764324
20111201,321.7440,322.1724,298.3816,298.8797,5262176
20120103,288.9719,333.8736,281.2209,325.2509,7391765
20120201,307.9706,311.6319,288.4887,291.3778,4754110
20120301,319.4227,328.0653,295.8112,309.9682,4318759
20120402,301.2957,325.3505,293.9980,319.1886,5909735
20120501,289.3455,317.7341,288.4189,300.7676,5353840
20120601,288.9519,292.8474,277.2209,284.8274,4445485
20120702,315.3032,320.1002,279.9955,289.8237,4902643
20120801,341.2658,343.2086,310.5410,317.4601,4107696
20120904,375.8412,381.0168,335.4925,340.9969,6358120
20121001,338.8798,385.7441,333.5996,378.1078,6863528
20121101,347.8810,348.3045,316.8125,338.4813,4462190
20121203,352.3692,363.1887,339.8910,349.8088,4185080
20130102,376.4340,379.0542,346.4614,358.3668,5009576
20130201,399.1041,402.9745,377.6345,377.6844,4896126
20130301,395.6122,420.4241,395.1688,397.4104,4270735
20130401,410.7454,412.2747,379.2086,396.0206,4886509
20130501,433.9833,458.5811,406.6558,410.0929,4509218
20130603,438.5412,453.7194,422.0281,434.8700,4876170
20130701,442.2175,462.2673,436.1701,441.5699,4676036
20130801,421.8687,453.1565,421.2012,445.8289,3055595
20130903,436.3196,451.3034,425.3806,425.5848,3324645
20131001,513.3658,518.8154,419.9160,438.4815,4820030
20131101,527.8166,532.0059,500.6235,513.9685,2635395
20131202,558.2625,558.4070,522.5513,529.7693,3235148
20140102,588.2800,591.0546,539.1143,555.6473,5210948
20140203,605.5552,612.1455,561.9039,587.3983,4283926
20140303,555.4450,611.2040,551.4061,601.1218,3409338
20140401,525.2180,603.1740,501.4233,557.1802,3207362
20140501,558.3571,566.2853,501.9220,525.6668,1744143
20140602,573.7049,580.8553,537.2749,559.1648,1809595
20140701,570.0350,598.0082,563.4630,576.7366,1573168
20140801,570.0350,585.7319,558.4667,568.8383,1317052
20140902,575.7792,594.8469,566.6542,570.2843,1596014
20141001,557.5493,579.4092,506.7088,574.4329,2267922
20141103,540.3465,556.3725,528.6287,553.9791,1501037
20141201,524.9587,539.9276,487.6611,537.4245,2084718
20150102,533.0565,540.6855,486.2251,527.5616,2510350
20150202,556.8711,563.1638,517.1302,530.2741,1715495
20150302,546.4996,576.3277,542.7299,558.9953,1756709
20150401,537.3400,569.5762,519.5835,547.0980,2017938
20150501,532.1100,544.1900,521.0850,538.4300,1593295
20150601,520.5100,543.7400,520.5000,536.7900,1559909
20150701,625.6100,678.6400,515.1800,524.7300,2878005
20150803,618.2500,674.9000,565.0500,625.3400,2557852
20150901,608.4200,650.9000,589.3800,602.3600,2283572
20151001,710.8100,730.0000,599.8500,608.3700,2246836
20151102,742.6000,762.7080,705.8500,711.0600,1696740
20151201,758.8800,779.9800,724.1700,747.1100,1958432
20160104,742.9500,752.0000,673.2600,743.0000,2449763
20160201,697.7700,789.8700,663.0600,750.4600,3218350
20160301,744.9500,757.8800,685.3400,703.6200,1897382
20160401,693.0100,769.9000,689.0000,738.6000,2007200
20160502,735.7200,739.7300,689.0100,697.6300,1666300
20160601,692.1000,737.2100,663.2840,734.5300,1789204
20160701,768.7900,778.5500,688.2150,692.2000,1495740
20160801,767.0500,789.7500,761.0900,761.0900,1147191
20160901,777.2900,789.8500,754.0000,769.2500,1311971
20161003,784.5400,816.6800,769.5000,774.2500,1616967
20161101,758.0400,795.6330,727.5400,782.8900,2019119
20161201,771.8200,804.3800,737.0250,757.4400,1511933
20170103,796.7900,841.9500,775.8000,778.8100,1635595
20170201,823.2100,833.4500,791.1900,799.6800,1345648
20170301,829.5600,853.5000,803.3700,828.8500,1461800
20170403,905.9600,916.8500,817.0200,829.2200,1313621
20170501,927.1300,935.9300,901.4500,901.9400,1692580
